562 1.00 256 0 5.0
349 1.00 256 0 5.0
584 1.00 256 0 5.0
140 1.00 256 0 5.0
169 1.00 256 0 5.0
127 1.00 256 0 5.0
401 1.00 256 0 5.0
301 1.00 256 0 5.0
332 1.00 256 0 5.0
527 1.00 256 0 5.0
407 1.00 256 0 5.0
550 1.00 256 0 5.0
158 1.00 256 0 5.0
296 1.00 256 0 5.0
284 1.00 256 0 5.0
413 1.00 256 0 5.0
201 1.00 256 0 5.0
300 1.00 256 0 5.0
319 1.00 256 0 5.0
302 1.00 256 0 5.0
536 1.00 256 0 5.0
247 1.00 256 0 5.0
415 1.00 256 0 5.0
396 1.00 256 0 5.0
328 1.00 256 0 5.0
270 1.00 256 0 5.0
352 1.00 256 0 5.0
