datetime       2018-08-12T14:42:09.000000Z
longitude      -100.84
latitude       17.11
depth          24.0000,34.0000,44.0000,54.0000,64.0000
path_to_data   Filt
path_to_green  spica
green          herrmann
components     ZRT
degree         5
weight         distance
plot           0
correlate      0
station  distance  azimuth  ts  npts   dt  longitude  latitude  used
   AAIG    561.58   343.52  30   150  1.0    -102.38     21.97     1
   ACIG    348.60    24.11  30   150  1.0     -99.48     19.98     1
   ANIG    583.56   319.00  30   150  1.0    -104.52     21.05     1
   ARIG    139.69    21.89  30   150  1.0    -100.35     18.28     1
   CRIG    169.24   103.92  30   150  1.0     -99.30     16.74     1
   DAIG    126.98    94.26  30   150  1.0     -99.65     17.02     1
   DHIG    401.15    28.04  30   150  1.0     -99.04     20.30     1
   FTIG    300.75    72.52  30   150  1.0     -98.13     17.91     1
   HLIG    332.21    75.67  30   150  1.0     -97.80     17.83     1
   HUIG    526.64   105.68  30   150  1.0     -96.11     15.77     1
   IGIG    406.51   352.82  30   150  1.0    -101.33     20.75     1
   MEIG    157.88    54.98  30   150  1.0     -99.62     17.92     1
   MMIG    296.07   296.51  30   150  1.0    -103.35     18.29     1
   MOIG    283.74   351.77  30   150  1.0    -101.23     19.65     1
   PEIG    412.88   106.80  30   150  1.0     -97.15     16.00     1
   PLIG    200.63    44.79  30   150  1.0     -99.50     18.39     1
   PNIG    299.92   104.95  30   150  1.0     -98.13     16.39     1
   PPIG    318.96    46.89  30   150  1.0     -98.63     19.07     1
   PZIG    302.08    35.33  30   150  1.0     -99.18     19.33     1
   RPIG    536.16     9.52  30   150  1.0     -99.98     21.88     1
   TLIG    246.80    77.95  30   150  1.0     -98.57     17.56     1
   TOIG    415.30    74.21  30   150  1.0     -97.06     18.10     1
   TPIG    396.29    68.01  30   150  1.0     -97.36     18.42     1
   TXIG    327.92    86.75  30   150  1.0     -97.76     17.25     1
   YAIG    269.97    43.80  30   150  1.0     -99.07     18.86     1
   YOIG    351.91    94.07  30   150  1.0     -97.55     16.86     1