datetime       2018-08-12T14:42:09.000000Z
longitude      -100.84
latitude       17.11
depth          24.0000,34.0000,44.0000,54.0000,64.0000
path_to_data   Filt
path_to_green  spica
green          herrmann
components     ZRT
degree         5
weight         distance
plot           0
correlate      0
station  distance  azimuth  ts  npts  dt  used  longitude  latitude
   AAIG    561.58   343.52  30   150   1     1    -102.38     21.97
   ACIG    348.60    24.11  30   150   1     1     -99.48     19.98
   ANIG    583.56   319.00  30   150   1     1    -104.52     21.05
   ARIG    139.69    21.89  30   150   1     1    -100.35     18.28
   CRIG    169.24   103.92  30   150   1     1     -99.30     16.74
   DAIG    126.98    94.26  30   150   1     1     -99.65     17.02
   DHIG    401.15    28.04  30   150   1     1     -99.04     20.30
   FTIG    300.75    72.52  30   150   1     1     -98.13     17.91
   HLIG    332.21    75.67  30   150   1     1     -97.80     17.83
   HUIG    526.64   105.68  30   150   1     1     -96.11     15.77
   IGIG    406.51   352.82  30   150   1     1    -101.33     20.75
   LVIG    549.55    57.52  30   150   1     1     -96.42     19.73
   MEIG    157.88    54.98  30   150   1     1     -99.62     17.92
   MMIG    296.07   296.51  30   150   1     1    -103.35     18.29
   MOIG    283.74   351.77  30   150   1     1    -101.23     19.65
   PEIG    412.88   106.80  30   150   1     1     -97.15     16.00
   PLIG    200.63    44.79  30   150   1     1     -99.50     18.39
   PNIG    299.92   104.95  30   150   1     1     -98.13     16.39
   PPIG    318.96    46.89  30   150   1     1     -98.63     19.07
   PZIG    302.08    35.33  30   150   1     1     -99.18     19.33
   RPIG    536.16     9.52  30   150   1     1     -99.98     21.88
   TLIG    246.80    77.95  30   150   1     1     -98.57     17.56
   TOIG    415.30    74.21  30   150   1     1     -97.06     18.10
   TPIG    396.29    68.01  30   150   1     1     -97.36     18.42
   TXIG    327.92    86.75  30   150   1     1     -97.76     17.25
   YAIG    269.97    43.80  30   150   1     1     -99.07     18.86
   YOIG    351.91    94.07  30   150   1     1     -97.55     16.86