datetime       2016-07-19T13:42:46.000000Z
longitude      -98.8
latitude       17.64
depth          10.0000,15.0000,20.0000,25.0000,30.0000,35.0000,40.0000,45.0000,50.0000,55.0000,60.0000,65.0000,70.0000
path_to_data   Datos_Trim/2016.07.19.13.42.46
path_to_green  Datos_Trim/2016.07.19.13.42.46/gil7
green          herrmann
components     ZRT
degree         5
weight         distance
plot           0
correlate      0
station  distance  azimuth  ts  npts   dt  used  longitude  latitude
   CAIG    169.14   247.45  30   128 1.00     1    -100.27     17.05
   CAIG    169.14   247.45  30   128 1.00     1    -100.27     17.05
   CAIG    169.14   247.45  30   128 1.00     1    -100.27     17.05
   CRIG    113.25   208.06  30   128 1.00     1     -99.30     16.74
   CRIG    113.25   208.06  30   128 1.00     1     -99.30     16.74
   CRIG    113.25   208.06  30   128 1.00     1     -99.30     16.74
   MEIG     92.46   290.07  30   128 1.00     1     -99.62     17.92
   MEIG     92.46   290.07  30   128 1.00     1     -99.62     17.92
   MEIG     92.46   290.07  30   128 1.00     1     -99.62     17.92
   PNIG    155.50   152.48  30   128 1.00     1     -98.13     16.39
   PNIG    155.50   152.48  30   128 1.00     1     -98.13     16.39
   PNIG    155.50   152.48  30   128 1.00     1     -98.13     16.39