datetime       2016-07-19T13:42:46.000000Z
longitude      -98.8102
latitude       17.4812
depth          27.0000,37.0000,47.0000,57.0000,67.0000
path_to_data   Filt
path_to_green  spica
green          herrmann
components     ZRT
degree         5
weight         distance
plot           0
correlate      0
station  distance  azimuth  ts  npts  dt  used  longitude  latitude
   ARIG    185.38   298.74  30   150   1     1    -100.35     18.28
   CAIG    162.17   253.04  30   150   1     1    -100.27     17.05
   DAIG    102.86   240.47  30   150   1     1     -99.65     17.02
   DHIG    312.96   355.69  30   150   1     1     -99.04     20.30
   HLIG    113.57    69.98  30   150   1     1     -97.80     17.83
   HUIG    344.95   122.92  30   150   1     1     -96.11     15.77
   LVIG    354.18    45.07  30   150   1     1     -96.42     19.73
   MMIG    488.85   281.22  30   150   1     1    -103.35     18.29
   MOIG    350.07   313.59  30   150   1     1    -101.23     19.65
   OXIG    225.44   101.26  30   150   1     1     -96.73     17.07
   PEIG    241.58   132.53  30   150   1     1     -97.15     16.00
   PLIG    124.66   324.07  30   150   1     1     -99.50     18.39
   PNIG    140.71   148.78  30   150   1     1     -98.13     16.39
   PPIG    176.59     6.23  30   150   1     1     -98.63     19.07
   RPIG    502.74   346.04  30   150   1     1     -99.98     21.88
   TOIG    197.19    69.56  30   150   1     1     -97.06     18.10
   TPIG    185.30    55.66  30   150   1     1     -97.36     18.42
   TUIG    469.30    81.85  30   150   1     1     -94.42     18.03
   TXIG    114.28   102.54  30   150   1     1     -97.76     17.25
   YAIG    155.28   349.96  30   150   1     1     -99.07     18.86
   YOIG    151.17   116.97  30   150   1     1     -97.55     16.86
   ZIIG    282.21   273.22  30   150   1     1    -101.46     17.61