datetime       2018-03-30T15:08:01.000000Z
longitude      -98.53
latitude       16.0
depth          2.0000,6.0000,10.0000,14.0000,18.0000,22.0000,26.0000
path_to_data   Filt
path_to_green  spica
green          herrmann
components     ZRT
degree         5
weight         distance
plot           0
correlate      0
station  distance  azimuth  ts  npts  dt  used  longitude  latitude
   ARIG    317.95   322.80  30   150   1     1    -100.35     18.28
   CAIG    218.76   302.28  30   150   1     1    -100.27     17.05
   CMIG    407.48    72.25  30   150   1     1     -94.88     17.09
   CRIG    115.75   314.85  30   150   1     1     -99.30     16.74
   DAIG    164.58   313.53  30   150   1     1     -99.65     17.02
   FTIG    215.34    11.28  30   150   1     1     -98.13     17.91
   HLIG    216.80    20.81  30   150   1     1     -97.80     17.83
   HUIG    260.61    95.29  30   150   1     1     -96.11     15.77
   MEIG    242.59   331.57  30   150   1     1     -99.62     17.92
   OXIG    225.57    58.00  30   150   1     1     -96.73     17.07
   PEIG    148.01    89.87  30   150   1     1     -97.15     16.00
   PLIG    284.22   338.80  30   150   1     1     -99.50     18.39
   PNIG     61.18    44.67  30   150   1     1     -98.13     16.39
   PPIG    339.61   358.26  30   150   1     1     -98.63     19.07
   PZIG    374.88   349.53  30   150   1     1     -99.18     19.33
   TLIG    172.98   358.72  30   150   1     1     -98.57     17.56
   TOIG    279.51    33.72  30   150   1     1     -97.06     18.10
   TPIG    295.25    24.71  30   150   1     1     -97.36     18.42
   TXIG    161.23    30.47  30   150   1     1     -97.76     17.25
   YAIG    321.90   349.87  30   150   1     1     -99.07     18.86
   YOIG    141.63    47.77  30   150   1     1     -97.55     16.86
   ZIIG    359.85   300.03  30   150   1     1    -101.46     17.61