datetime       2019-09-30T23:15:32.000000Z
longitude      -99.14
latitude       16.45
depth          2.0000,6.0000,10.0000,14.0000,18.0000,22.0000,26.0000
path_to_data   Filt
path_to_green  spica
green          herrmann
components     ZRT
degree         5
weight         distance
plot           0
correlate      0
station  distance  azimuth  ts  npts  dt  used  longitude  latitude
   ARIG    239.81   327.83  30   150   1     1    -100.35     18.28
   CAIG    137.24   299.02  30   150   1     1    -100.27     17.05
   CRIG     35.97   331.78  30   150   1     1     -99.30     16.74
   DAIG     83.44   319.33  30   150   1     1     -99.65     17.02
   FTIG    193.69    33.44  30   150   1     1     -98.13     17.91
   HLIG    208.67    42.76  30   150   1     1     -97.80     17.83
   HUIG    332.95   102.65  30   150   1     1     -96.11     15.77
   MEIG    171.02   342.71  30   150   1     1     -99.62     17.92
   MOIG    417.14   328.33  30   150   1     1    -101.23     19.65
   OXIG    265.72    74.63  30   150   1     1     -96.73     17.07
   PEIG    218.83   102.92  30   150   1     1     -97.15     16.00
   PZIG    318.75   359.28  30   150   1     1     -99.18     19.33
   TLIG    137.45    26.29  30   150   1     1     -98.57     17.56
   TOIG    286.12    50.16  30   150   1     1     -97.06     18.10
   TPIG    288.48    40.64  30   150   1     1     -97.36     18.42
   TXIG    171.79    58.60  30   150   1     1     -97.76     17.25
   YAIG    267.12     1.65  30   150   1     1     -99.07     18.86
   YOIG    175.94    74.91  30   150   1     1     -97.55     16.86