datetime       2021-03-20T03:06:35.000000Z
longitude      -98.89
latitude       16.0
depth          12.0000,22.0000,32.0000,42.0000,52.0000
path_to_data   Filt
path_to_green  spica
green          herrmann
components     ZRT
degree         5
weight         distance
plot           0
correlate      0
station  distance  azimuth  ts  npts  dt  used  longitude  latitude
   ARIG    296.22   328.64  30   150   1     1    -100.35     18.28
   CAIG    187.30   308.47  30   150   1     1    -100.27     17.05
   CMIG    444.32    73.67  30   150   1     1     -94.88     17.09
   DAIG    139.17   324.41  30   150   1     1     -99.65     17.02
   DHIG    476.23   358.17  30   150   1     1     -99.04     20.30
   FTIG    226.03    20.80  30   150   1     1     -98.13     17.91
   HUIG    299.00    94.52  30   150   1     1     -96.11     15.77
   IGIG    585.73   334.28  30   150   1     1    -101.33     20.75
   MEIG    226.76   340.06  30   150   1     1     -99.62     17.92
   MMIG    537.46   298.76  30   150   1     1    -103.35     18.29
   MOIG    473.57   328.80  30   150   1     1    -101.23     19.65
   OXIG    259.04    62.42  30   150   1     1     -96.73     17.07
   PEIG    186.54    89.81  30   150   1     1     -97.15     16.00
   PLIG    272.62   346.26  30   150   1     1     -99.50     18.39
   PPIG    340.59     4.64  30   150   1     1     -98.63     19.07
   PZIG    369.79   355.30  30   150   1     1     -99.18     19.33
   TLIG    176.34    11.23  30   150   1     1     -98.57     17.56
   TOIG    302.57    39.70  30   150   1     1     -97.06     18.10
   TPIG    313.29    31.03  30   150   1     1     -97.36     18.42
   TUIG    526.20    64.04  30   150   1     1     -94.42     18.03
   TXIG    183.77    40.79  30   150   1     1     -97.76     17.25
   YOIG    172.10    56.34  30   150   1     1     -97.55     16.86
   ZIIG    327.04   303.30  30   150   1     1    -101.46     17.61