datetime       2016-06-27T20:50:35.000000Z
longitude      -97.91
latitude       16.54
depth          2.0000,6.0000,10.0000,14.0000,18.0000,22.0000,26.0000
path_to_data   Filt
path_to_green  spica
green          herrmann
components     ZRT
degree         5
weight         distance
plot           0
correlate      0
station  distance  azimuth  ts  npts  dt  used  longitude  latitude
   ARIG    322.76   307.00  30   150   1     1    -100.35     18.28
   CAIG    257.51   282.96  30   150   1     1    -100.27     17.05
   CMIG    328.27    78.86  30   150   1     1     -94.88     17.09
   CRIG    149.83   278.54  30   150   1     1     -99.30     16.74
   CUIG    336.72   336.68  30   150   1     1     -99.18     19.33
   DAIG    193.06   286.26  30   150   1     1     -99.65     17.02
   DHIG    432.87   344.23  30   150   1     1     -99.04     20.30
   HLIG    143.21     4.52  30   150   1     1     -97.80     17.83
   HUIG    210.73   113.62  30   150   1     1     -96.11     15.77
   IGIG    589.43   322.82  30   150   1     1    -101.33     20.75
   LVIG    386.35    23.88  30   150   1     1     -96.42     19.73
   MEIG    237.81   310.38  30   150   1     1     -99.62     17.92
   MOIG    491.41   314.90  30   150   1     1    -101.23     19.65
   OXIG    138.62    64.67  30   150   1     1     -96.73     17.07
   PCIG    510.24    99.78  30   150   1     1     -93.22     15.70
   PLIG    265.75   320.70  30   150   1     1     -99.50     18.39
   PPIG    289.87   344.88  30   150   1     1     -98.63     19.07
   TLIG    133.02   328.40  30   150   1     1     -98.57     17.56
   TOIG    194.21    27.44  30   150   1     1     -97.06     18.10
   TPIG    216.08    15.54  30   150   1     1     -97.36     18.42
   TUIG    405.96    65.46  30   150   1     1     -94.42     18.03
   YAIG    284.84   334.65  30   150   1     1     -99.07     18.86
   ZIIG    396.39   287.84  30   150   1     1    -101.46     17.61