datetime       2021-09-08T01:47:53.000000Z
longitude      -99.76
latitude       17.03
depth          2.0000,6.0000,10.0000,14.0000,18.0000,22.0000,26.0000
path_to_data   Filt
path_to_green  spica
green          herrmann
components     ZRT
degree         5
weight         distance
plot           0
correlate      0
station  distance  azimuth  ts  npts   dt  longitude  latitude  used
   AAIG    611.93   333.72  30   150  1.0    -102.38     21.97     1
   ANIG    670.35   312.39  30   150  1.0    -104.52     21.05     1
   CCIG    817.37    94.71  30   150  1.0     -92.14     16.28     1
   CJIG    621.94   296.88  30   150  1.0    -105.04     19.50     1
   CMIG    519.11    88.54  30   150  1.0     -94.88     17.09     1
   GTIG    671.16     5.19  30   150  1.0     -99.17     23.07     1
   HUIG    414.26   109.16  30   150  1.0     -96.11     15.77     1
   LNIG    871.68     1.96  30   150  1.0     -99.47     24.90     1
   LVIG    462.29    49.28  30   150  1.0     -96.42     19.73     1
   MAIG    974.33   315.45  30   150  1.0    -106.43     23.18     1
   MMIG    405.14   290.65  30   150  1.0    -103.35     18.29     1
   MNIG    951.48   356.81  30   150  1.0    -100.29     25.61     1
   SCIG    932.82    75.41  30   150  1.0     -91.19     18.97     1
   TGIG    707.70    91.29  30   150  1.0     -93.12     16.78     1
   TUIG    577.50    78.11  30   150  1.0     -94.42     18.03     1